start=1083.708333
volume=130.000000
